0.000000 2.955369
0.025000 2.968364
0.050000 -1.907712
0.075000 -0.036709
0.100000 4.490586
0.125000 -0.575575
0.150000 -1.862305
0.175000 2.950055
0.200000 0.077928
0.225000 -0.581063
0.250000 1.281630
0.275000 -3.631891
0.300000 4.423802
0.325000 -1.941295
0.350000 -4.598630
0.375000 5.629668
0.400000 -5.308439
0.425000 1.181698
0.450000 -2.294154
0.475000 0.601238
0.500000 -2.849253
0.525000 0.828405
0.550000 -2.006579
0.575000 -1.053762
0.600000 -0.120204
0.625000 -1.312110
0.650000 0.548097
0.675000 -1.989427
0.700000 -0.622336
0.725000 2.989829
0.750000 -2.877672
0.775000 -0.253944
0.800000 1.740738
0.825000 2.287290
0.850000 -3.745311
0.875000 2.777724
0.900000 2.337663
0.925000 -0.771363
0.950000 0.506166
0.975000 1.918785
1.000000 1.191749
1.025000 0.316365
1.050000 1.468476
1.075000 0.377770
1.100000 0.427955
1.125000 2.982307
1.150000 -2.003328
1.175000 1.126995
1.200000 0.171154
1.225000 2.988351
1.250000 -4.786590
1.275000 2.374789
1.300000 0.526361
1.325000 -1.210141
1.350000 -2.027181
1.375000 0.803358
1.400000 -0.258605
1.425000 -2.500747
1.450000 0.282192
1.475000 -2.486146
1.500000 1.635390
1.525000 -4.012995
1.550000 1.327417
1.575000 -2.086633
1.600000 -0.660747
1.625000 -0.432483
1.650000 0.257864
1.675000 -2.896290
1.700000 1.573146
1.725000 0.538983
1.750000 -1.935503
1.775000 0.832720
1.800000 0.720646
1.825000 0.233303
1.850000 1.727606
1.875000 -2.613678
1.900000 3.532621
1.925000 2.642371
1.950000 -3.817346
1.975000 3.370208
2.000000 2.722010
2.025000 -1.404012
2.050000 1.676296
2.075000 0.186129
2.100000 3.030801
2.125000 -1.914282
2.150000 2.547235
2.175000 -1.473535
2.200000 2.492388
2.225000 -1.610839
2.250000 1.537710
2.275000 -2.014471
2.300000 0.622212
2.325000 1.054751
2.350000 -3.037308
2.375000 -0.074921
2.400000 -0.093207
2.425000 -0.393946
2.450000 -2.258282
2.475000 -1.710012
2.500000 1.500924
2.525000 -1.562490
2.550000 -3.658947
2.575000 2.189143
2.600000 -1.824460
2.625000 -0.997584
2.650000 -0.006445
2.675000 -1.885113
2.700000 1.720059
2.725000 -0.836354
2.750000 -1.409367
2.775000 2.000652
2.800000 -0.636075
2.825000 1.183443
2.850000 -1.060224
2.875000 3.535690
2.900000 -2.846656
2.925000 4.179872
2.950000 -0.117935
2.975000 -0.273071
3.000000 1.889462
3.025000 2.480430
3.050000 -1.455204
3.075000 2.513655
3.100000 -1.513815
3.125000 4.821426
3.150000 -1.801655
3.175000 -2.506487
3.200000 5.540304
3.225000 -1.009520
3.250000 -3.236250
3.275000 1.942988
3.300000 1.117129
3.325000 -1.950135
3.350000 -1.336851
3.375000 -0.189680
3.400000 1.144789
3.425000 -3.847681
3.450000 1.553428
3.475000 -4.390178
3.500000 4.152116
3.525000 -5.681126
3.550000 1.047307
3.575000 -0.874776
3.600000 -1.042129
3.625000 -0.674961
3.650000 -0.838060
3.675000 0.144851
3.700000 -1.203257
3.725000 0.370921
3.750000 1.478713
3.775000 -3.883238
3.800000 4.532500
3.825000 -1.210173
3.850000 0.207299
3.875000 0.853920
3.900000 0.992996
3.925000 1.774338
3.950000 -0.364737
3.975000 0.820377
4.000000 2.231632
4.025000 0.836857
4.050000 -0.197946
4.075000 1.821472
4.100000 0.379625
4.125000 1.122094
4.150000 1.052612
4.175000 -1.107421
4.200000 0.060204
4.225000 4.278600
4.250000 -4.252362
4.275000 -1.093925
4.300000 4.294944
4.325000 -1.691009
4.350000 -5.511811
4.375000 5.932961
4.400000 -4.703118
4.425000 0.554580
4.450000 -1.344924
4.475000 -2.388720
4.500000 2.414441
4.525000 -4.126013
4.550000 0.063528
4.575000 -0.656659
4.600000 -0.648771
4.625000 -1.874510
4.650000 1.850364
4.675000 -3.847267
4.700000 1.937068
4.725000 0.771040
4.750000 -2.847603
4.775000 1.971827
4.800000 -0.511040
4.825000 3.141481
4.850000 -4.730469
4.875000 5.963857
4.900000 -2.257836
4.925000 2.506831
4.950000 -0.589494
4.975000 2.598268
5.000000 -0.318483
5.025000 1.523800
5.050000 2.021253
5.075000 -1.572288
5.100000 2.720912
5.125000 0.269766
5.150000 1.444846
5.175000 -1.996037
5.200000 1.746218
5.225000 2.153262
5.250000 -3.086083
5.275000 0.679857
5.300000 -0.558767
5.325000 2.680349
5.350000 -4.513425
5.375000 -1.406838
5.400000 4.186497
5.425000 -3.872556
5.450000 -2.813260
5.475000 1.698031
5.500000 -1.271065
5.525000 -0.587413
5.550000 -4.418855
5.575000 3.441756
5.600000 -1.981078
5.625000 -2.786477
5.650000 1.415313
5.675000 0.029725
5.700000 -2.999821
5.725000 2.935229
5.750000 -1.821798
5.775000 0.576303
5.800000 -0.072836
5.825000 1.460588
5.850000 0.012890
5.875000 0.676602
5.900000 -0.805947
5.925000 5.152512
5.950000 -2.700998
5.975000 0.793426
6.000000 2.900736
6.025000 1.684304
6.050000 -1.796454
6.075000 1.433181
6.100000 3.133751
6.125000 -0.670915
6.150000 -0.749650
6.175000 1.888936
6.200000 0.736416
6.225000 -0.487248
6.250000 -0.979999
6.275000 1.618413
6.300000 -1.071888
6.325000 -1.565723
6.350000 2.348313
6.375000 -3.915237
6.400000 -0.450364
6.425000 2.706736
6.450000 -4.740833
6.475000 -1.434564
6.500000 2.607096
6.525000 -3.110778
6.550000 -1.354628
6.575000 -1.163540
6.600000 1.452957
6.625000 -2.514134
6.650000 -0.718176
6.675000 0.076672
6.700000 -0.214622
6.725000 0.211818
6.750000 -1.224908
6.775000 1.145317
6.800000 -0.629685
6.825000 2.978909
6.850000 -3.385336
6.875000 3.946679
6.900000 -0.728898
6.925000 1.400612
6.950000 1.860587
6.975000 -2.307925
7.000000 4.853831
7.025000 0.348100
7.050000 -2.424035
7.075000 5.158972
7.100000 -1.700341
7.125000 1.698154
7.150000 0.078677
7.175000 0.809464
7.200000 -0.279837
7.225000 0.978528
7.250000 0.385136
7.275000 -2.621527
7.300000 2.117134
7.325000 -0.158574
7.350000 -2.909258
7.375000 1.100678
7.400000 -1.904954
7.425000 0.702856
7.450000 -1.941542
7.475000 -2.494410
7.500000 1.397899
7.525000 -0.953657
7.550000 -2.906116
7.575000 -0.573718
7.600000 1.117691
7.625000 -1.993877
7.650000 -0.911587
7.675000 -0.644054
7.700000 1.107199
7.725000 -1.183181
7.750000 1.000589
7.775000 -3.705976
7.800000 7.325123
7.825000 -5.724179
7.850000 2.565526
7.875000 2.264892
7.900000 -2.014167
7.925000 3.656844
7.950000 -0.588704
7.975000 0.072542
8.000000 3.890311
8.025000 -1.930836
8.050000 2.890420
8.075000 -0.157867
8.100000 0.516192
8.125000 2.377787
8.150000 -0.204233
8.175000 -1.873435
8.200000 4.245915
8.225000 -1.900780
8.250000 -0.285022
8.275000 -0.125236
8.300000 1.286168
8.325000 -2.874724
8.350000 2.134863
8.375000 -3.162741
8.400000 -1.122700
8.425000 4.005442
8.450000 -7.507457
8.475000 2.333246
8.500000 -0.768741
8.525000 -0.837463
8.550000 -3.134283
8.575000 1.011653
8.600000 -1.146236
8.625000 -0.084747
8.650000 -2.738769
8.675000 1.899337
8.700000 -1.633853
8.725000 0.319263
8.750000 0.644840
8.775000 -2.344456
8.800000 3.743316
8.825000 -2.157444
8.850000 2.509725
8.875000 -1.341919
8.900000 1.328508
8.925000 4.043378
8.950000 -3.745916
8.975000 2.337953
9.000000 4.132213
9.025000 -2.873470
9.050000 2.529195
9.075000 0.899685
9.100000 0.709212
9.125000 0.601128
9.150000 1.450808
9.175000 -1.834219
9.200000 2.606824
9.225000 0.185548
9.250000 -1.858607
9.275000 0.682588
9.300000 0.680259
9.325000 -1.182751
9.350000 -1.584897
9.375000 1.493765
9.400000 -3.598513
9.425000 1.938109
9.450000 -2.100105
9.475000 -2.471442
9.500000 0.687027
9.525000 0.139259
9.550000 -3.800968
9.575000 0.349867
9.600000 -0.596991
9.625000 0.728085
9.650000 -3.811257
9.675000 1.135444
9.700000 0.979736
9.725000 -1.503971
9.750000 -0.621963
9.775000 1.104848
9.800000 1.151275
9.825000 -1.789292
9.850000 2.566809
9.875000 0.090533
9.900000 -0.139726
9.925000 2.120636
9.950000 1.855245
9.975000 -2.255750